Model 0
DIM 
16

Rate Matrix
-2.6469 0.2967 0.1677 0.6306 0.2967 0.0191 0.1380 0.0221 0.1677 0.1380 0.0210 0.0355 0.6306 0.0221 0.0355 0.0258 
0.1503 -2.6528 0.1677 0.6306 0.0362 0.1564 0.1380 0.0221 0.0205 0.9395 0.0210 0.0355 0.0926 0.1810 0.0355 0.0258 
0.1503 0.2967 -2.8426 0.6306 0.0362 0.0191 0.9395 0.0221 0.0205 0.1380 0.1719 0.0355 0.0926 0.0221 0.2417 0.0258 
0.0329 0.0650 0.0367 -0.4806 0.0095 0.0050 0.0075 0.0397 0.0054 0.0351 0.0055 0.1618 0.0208 0.0058 0.0034 0.0464 
0.1503 0.0362 0.0205 0.0926 -2.6528 0.1564 0.9395 0.1810 0.1677 0.1380 0.0210 0.0355 0.6306 0.0221 0.0355 0.0258 
0.0184 0.2967 0.0205 0.0926 0.2967 -3.1968 0.9395 0.1810 0.0205 0.9395 0.0210 0.0355 0.0926 0.1810 0.0355 0.0258 
0.0048 0.0095 0.0367 0.0051 0.0650 0.0343 -0.4204 0.0397 0.0054 0.0064 0.0377 0.0034 0.0235 0.0058 0.1364 0.0068 
0.0184 0.0362 0.0205 0.6306 0.2967 0.1564 0.9395 -2.8812 0.0205 0.1380 0.0210 0.2417 0.0926 0.0221 0.0355 0.2116 
0.1503 0.0362 0.0205 0.0926 0.2967 0.0191 0.1380 0.0221 -2.8426 0.9395 0.1719 0.2417 0.6306 0.0221 0.0355 0.0258 
0.0048 0.0650 0.0054 0.0235 0.0095 0.0343 0.0064 0.0058 0.0367 -0.4171 0.0377 0.1364 0.0051 0.0397 0.0001 0.0068 
0.0184 0.0362 0.1677 0.0926 0.0362 0.0191 0.9395 0.0221 0.1677 0.9395 -3.0629 0.2417 0.0926 0.0221 0.2417 0.0258 
0.0048 0.0095 0.0054 0.4223 0.0095 0.0050 0.0002 0.0397 0.0367 0.5301 0.0377 -1.1687 0.0088 0.0058 0.0067 0.0464 
0.0329 0.0095 0.0054 0.0208 0.0650 0.0050 0.0351 0.0058 0.0367 0.0075 0.0055 0.0034 -0.4806 0.0397 0.1618 0.0464 
0.0184 0.2967 0.0205 0.0926 0.0362 0.1564 0.1380 0.0221 0.0205 0.9395 0.0210 0.0355 0.6306 -2.8812 0.2417 0.2116 
0.0048 0.0095 0.0367 0.0088 0.0095 0.0050 0.5301 0.0058 0.0054 0.0002 0.0377 0.0067 0.4223 0.0397 -1.1687 0.0464 
0.0184 0.0362 0.0205 0.6306 0.0362 0.0191 0.1380 0.1810 0.0205 0.1380 0.0210 0.2417 0.6306 0.1810 0.2417 -2.5544 

Frequency
0.0081 0.0160 0.0091 0.1554 0.0160 0.0084 0.2315 0.0098 0.0091 0.2315 0.0093 0.0596 0.1554 0.0098 0.0596 0.0114

Gap
0.0210 0.0196 0.1319

Scale 
2
